# Single SKU Max Power Table
# |CCK 1~11 | |    OFDM 6 ~ 54      | |             HT20 MCS 0 ~ 15                 | |             HT40 MCS 0 ~ 15                 |
ch1 19 19 19 19 18 18 18 18 18 18 17 17 17 17 17 17 17 17 17 17 17 17 17 17 17 17 17 17
ch2 19 19 19 19 18 18 18 18 18 18 17 17 17 17 17 17 17 17 17 17 17 17 17 17 17 17 17 17
ch3 19 19 19 19 18 18 18 18 18 18 17 17 17 17 17 17 17 17 17 17 17 17 17 17 17 17 17 17 16 16 16 16 16 16 16 16 16 16 16 16 16 16 16 16
ch4 19 19 19 19 18 18 18 18 18 18 17 17 17 17 17 17 17 17 17 17 17 17 17 17 17 17 17 17 16 16 16 16 16 16 16 16 16 16 16 16 16 16 16 16
ch5 19 19 19 19 18 18 18 18 18 18 17 17 17 17 17 17 17 17 17 17 17 17 17 17 17 17 17 17 16 16 16 16 16 16 16 16 16 16 16 16 16 16 16 16
ch6 19 19 19 19 18 18 18 18 18 18 17 17 17 17 17 17 17 17 17 17 17 17 17 17 17 17 17 17 16 16 16 16 16 16 16 16 16 16 16 16 16 16 16 16
ch7 19 19 19 19 18 18 18 18 18 18 17 17 17 17 17 17 17 17 17 17 17 17 17 17 17 17 17 17 16 16 16 16 16 16 16 16 16 16 16 16 16 16 16 16
ch8 19 19 19 19 18 18 18 18 18 18 17 17 17 17 17 17 17 17 17 17 17 17 17 17 17 17 17 17 16 16 16 16 16 16 16 16 16 16 16 16 16 16 16 16
ch9 19 19 19 19 18 18 18 18 18 18 17 17 17 17 17 17 17 17 17 17 17 17 17 17 17 17 17 17 16 16 16 16 16 16 16 16 16 16 16 16 16 16 16 16
ch10 19 19 19 19 18 18 18 18 18 18 17 17 17 17 17 17 17 17 17 17 17 17 17 17 17 17 17 17
ch11 19 19 19 19 18 18 18 18 18 18 17 17 17 17 17 17 17 17 17 17 17 17 17 17 17 17 17 17
ch12 19 19 19 19 18 18 18 18 18 18 17 17 17 17 17 17 17 17 17 17 17 17 17 17 17 17 17 17
ch13 19 19 19 19 18 18 18 18 18 18 17 17 17 17 17 17 17 17 17 17 17 17 17 17 17 17 17 17
ch14

#   OFDM 6 ~ 54              | |                       HT20 MCS 0 ~ 15                       | |                   HT40 MCS 0 ~ 15                             | |               VHT80 MCS 0 ~ 9             |
ch36 13 13 13 13 13 13 13 13 15 15 15 15 15 15 15 15 15 15 15 15 15 15 15 15 13 13 13 13 13 13 13 13 13 13 13 13 13 13 13 13 13 13 13 13 13 13 13 13 13 13
ch38 13 13 13 13 13 13 13 13 15 15 15 15 15 15 15 15 15 15 15 15 15 15 15 15 15 15 15 15 15 15 15 15 15 15 15 15 15 15 15 15 13 13 13 13 13 13 13 13 13 13
ch40 13 13 13 13 13 13 13 13 15 15 15 15 15 15 15 15 15 15 15 15 15 15 15 15 15 15 15 15 15 15 15 15 15 15 15 15 15 15 15 15 13 13 13 13 13 13 13 13 13 13
ch42 13 13 13 13 13 13 13 13 15 15 15 15 15 15 15 15 15 15 15 15 15 15 15 15 15 15 15 15 15 15 15 15 15 15 15 15 15 15 15 15 8 8 8 8 8 8 8 8 8 8
ch44 15 15 15 15 15 15 15 15 16 16 16 16 16 16 16 16 16 16 16 16 16 16 16 16 15 15 15 15 15 15 15 15 15 15 15 15 15 15 15 15 13 13 13 13 13 13 13 13 13 13
ch46 13 13 13 13 13 13 13 13 15 15 15 15 15 15 15 15 15 15 15 15 15 15 15 15 15 15 15 15 15 15 15 15 15 15 15 15 15 15 15 15 13 13 13 13 13 13 13 13 13 13
ch48 13 13 13 13 13 13 13 13 15 15 15 15 15 15 15 15 15 15 15 15 15 15 15 15 15 15 15 15 15 15 15 15 15 15 15 15 15 15 15 15 13 13 13 13 13 13 13 13 13 13
ch52 13 13 13 13 13 13 13 13 13 13 13 13 13 13 13 13 13 13 13 13 13 13 13 13 15 15 15 15 15 15 15 15 15 15 15 15 15 15 15 15 13 13 13 13 13 13 13 13 13 13
ch54 13 13 13 13 13 13 13 13 13 13 13 13 13 13 13 13 13 13 13 13 13 13 13 13 10 10 10 10 10 10 10 10 10 10 10 10 10 10 10 10 13 13 13 13 13 13 13 13 13 13
ch56 13 13 13 13 13 13 13 13 13 13 13 13 13 13 13 13 13 13 13 13 13 13 13 13 10 10 10 10 10 10 10 10 10 10 10 10 10 10 10 10 13 13 13 13 13 13 13 13 13 13
ch58 13 13 13 13 13 13 13 13 13 13 13 13 13 13 13 13 13 13 13 13 13 13 13 13 10 10 10 10 10 10 10 10 10 10 10 10 10 10 10 10 6 6 6 6 6 6 6 6 6 6
ch60 14 14 14 14 14 14 14 14 14 14 14 14 14 14 14 14 14 14 14 14 14 14 14 14 10 10 10 10 10 10 10 10 10 10 10 10 10 10 10 10 13 13 13 13 13 13 13 13 13 13
ch62 13 13 13 13 13 13 13 13 13 13 13 13 13 13 13 13 13 13 13 13 13 13 13 13 10 10 10 10 10 10 10 10 10 10 10 10 10 10 10 10 13 13 13 13 13 13 13 13 13 13
ch64 13 13 13 13 13 13 13 13 13 13 13 13 13 13 13 13 13 13 13 13 13 13 13 13 10 10 10 10 10 10 10 10 10 10 10 10 10 10 10 10 13 13 13 13 13 13 13 13 13 13
ch100 18 18 18 18 18 18 17 17 18 18 18 18 18 18 17 17 18 18 18 18 18 18 17 17 14 14 14 14 14 14 14 14 14 14 14 14 14 14 14 14 13 13 13 13 13 13 13 13 13 13
ch102 18 18 18 18 18 18 17 17 18 18 18 18 18 18 17 17 18 18 18 18 18 18 17 17 14 14 14 14 14 14 14 14 14 14 14 14 14 14 14 14 13 13 13 13 13 13 13 13 13 13
ch104 18 18 18 18 18 18 17 17 18 18 18 18 18 18 17 17 18 18 18 18 18 18 17 17 14 14 14 14 14 14 14 14 14 14 14 14 14 14 14 14 13 13 13 13 13 13 13 13 13 13
ch106 18 18 18 18 18 18 17 17 18 18 18 18 18 18 17 17 18 18 18 18 18 18 17 17 14 14 14 14 14 14 14 14 14 14 14 14 14 14 14 14 10 10 10 10 10 10 10 10 10 10
ch108 18 18 18 18 18 18 17 17 18 18 18 18 18 18 17 17 18 18 18 18 18 18 17 17 14 14 14 14 14 14 14 14 14 14 14 14 14 14 14 14 13 13 13 13 13 13 13 13 13 13
ch110 18 18 18 18 18 18 17 17 18 18 18 18 18 18 17 17 18 18 18 18 18 18 17 17 14 14 14 14 14 14 14 14 14 14 14 14 14 14 14 14 13 13 13 13 13 13 13 13 13 13
ch112 18 18 18 18 18 18 17 17 18 18 18 18 18 18 17 17 18 18 18 18 18 18 17 17 14 14 14 14 14 14 14 14 14 14 14 14 14 14 14 14 13 13 13 13 13 13 13 13 13 13
ch116 18 18 18 18 18 18 17 17 18 18 18 18 18 18 17 17 18 18 18 18 18 18 17 17 14 14 14 14 14 14 14 14 14 14 14 14 14 14 14 14 18 18 18 18 18 18 18 18 18 18
ch118 18 18 18 18 18 18 17 17 18 18 18 18 18 18 17 17 18 18 18 18 18 18 17 17 14 14 14 14 14 14 14 14 14 14 14 14 14 14 14 14 18 18 18 18 18 18 18 18 18 18
ch120 18 18 18 18 18 18 17 17 18 18 18 18 18 18 17 17 18 18 18 18 18 18 17 17 14 14 14 14 14 14 14 14 14 14 14 14 14 14 14 14 18 18 18 18 18 18 18 18 18 18
ch122 18 18 18 18 18 18 17 17 18 18 18 18 18 18 17 17 18 18 18 18 18 18 17 17 14 14 14 14 14 14 14 14 14 14 14 14 14 14 14 14 10 10 10 10 10 10 10 10 10 10
ch124 18 18 18 18 18 18 17 17 18 18 18 18 18 18 17 17 18 18 18 18 18 18 17 17 14 14 14 14 14 14 14 14 14 14 14 14 14 14 14 14 18 18 18 18 18 18 18 18 18 18
ch126 18 18 18 18 18 18 17 17 18 18 18 18 18 18 17 17 18 18 18 18 18 18 17 17 14 14 14 14 14 14 14 14 14 14 14 14 14 14 14 14 18 18 18 18 18 18 18 18 18 18
ch128 18 18 18 18 18 18 17 17 18 18 18 18 18 18 17 17 18 18 18 18 18 18 17 17 14 14 14 14 14 14 14 14 14 14 14 14 14 14 14 14 18 18 18 18 18 18 18 18 18 18
ch132 18 18 18 18 18 18 17 17 18 18 18 18 18 18 17 17 18 18 18 18 18 18 17 17 14 14 14 14 14 14 14 14 14 14 14 14 14 14 14 14 18 18 18 18 18 18 18 18 18 18
ch134 18 18 18 18 18 18 17 17 18 18 18 18 18 18 17 17 18 18 18 18 18 18 17 17 14 14 14 14 14 14 14 14 14 14 14 14 14 14 14 14 18 18 18 18 18 18 18 18 18 18
ch136 18 18 18 18 18 18 17 17 18 18 18 18 18 18 17 17 18 18 18 18 18 18 17 17 14 14 14 14 14 14 14 14 14 14 14 14 14 14 14 14 18 18 18 18 18 18 18 18 18 18
ch140 18 18 18 18 18 18 17 17 18 18 18 18 18 18 17 17 18 18 18 18 18 18 17 17 14 14 14 14 14 14 14 14 14 14 14 14 14 14 14 14 18 18 18 18 18 18 18 18 18 18
ch149 15 15 15 15 15 15 15 15 12 12 12 12 12 12 12 12 12 12 12 12 12 12 12 12 11 11 11 11 11 11 11 11 11 11 11 11 11 11 11 11 21 21 21 21 19 19 19 19 17 17
ch151 15 15 15 15 15 15 15 15 15 15 15 15 15 15 15 15 15 15 15 15 15 15 15 15 11 11 11 11 11 11 11 11 11 11 11 11 11 11 11 11 19 21 21 21 21 19 19 19 19 17
ch153 17 17 17 17 17 17 17 17 16 16 16 16 16 16 16 16 16 16 16 16 16 16 16 16 11 11 11 11 11 11 11 11 11 11 11 11 11 11 11 11 21 21 21 21 19 19 19 19 17 17
ch155 17 17 17 17 17 17 17 17 17 17 17 17 17 17 17 17 17 17 17 17 17 17 17 17 11 11 11 11 11 11 11 11 11 11 11 11 11 11 11 11 5 5 5 5 5 5 5 5 5 5
ch157 18 18 18 18 18 18 17 17 18 18 18 18 18 18 17 17 18 18 18 18 18 18 17 17 11 11 11 11 11 11 11 11 11 11 11 11 11 11 11 11 21 21 21 21 19 19 19 19 17 17
ch159 17 17 17 17 17 17 17 17 17 17 17 17 17 17 17 17 17 17 17 17 17 17 17 17 14 14 14 14 14 14 14 14 14 14 14 14 14 14 14 14 21 21 21 21 19 19 19 19 17 17
ch161 15 15 15 15 15 15 15 15 15 15 15 15 15 15 15 15 15 15 15 15 15 15 15 15 11 11 11 11 11 11 11 11 11 11 11 11 11 11 11 11 21 21 21 21 19 19 19 19 17 17
ch165 15 15 15 15 15 15 15 15 12 12 12 12 12 12 12 12 12 12 12 12 12 12 12 12 11 11 11 11 11 11 11 11 11 11 11 11 11 11 11 11 21 21 21 21 19 19 19 19 17 17
ch169 21 21 21 21 19 19 19 19 21 21 21 21 19 19 19 19 21 21 21 21 19 19 19 19 21 21 21 21 19 19 19 19 21 21 21 21 19 19 19 19 21 21 21 21 19 19 19 19 17 17
ch173 21 21 21 21 19 19 19 19 21 21 21 21 19 19 19 19 21 21 21 21 19 19 19 19 21 21 21 21 19 19 19 19 21 21 21 21 19 19 19 19 21 21 21 21 19 19 19 19 17 17


